# Created by Octave 7.1.0, Fri Sep 27 02:24:08 2024 CST <marcelo@marcelo-IdeaPad-L3-15IML05>
# name: SOS
# type: matrix
# rows: 2
# columns: 6
 0.9244465617731541 -1.8488882930056316 0.92444173125771745 1 -1.918570032544294 0.92450263188812298
 1 -1.0000052253325138 0 1 -0.92439049165818377 0


