# Created by Octave 7.1.0, Fri Sep 27 02:24:08 2024 CST <marcelo@marcelo-IdeaPad-L3-15IML05>
# name: SOS
# type: matrix
# rows: 2
# columns: 6
 2.256457447749483e-05 4.5129000716605663e-05 2.256442624008469e-05 1 -1.9408228439711848 0.94404642946207562
 1 1.0000065695182569 0 1 -0.94400130031277318 0


