# Created by Octave 7.1.0, Fri Sep 27 02:24:08 2024 CST <marcelo@marcelo-IdeaPad-L3-15IML05>
# name: SOS
# type: matrix
# rows: 3
# columns: 6
 0.90289752201999274 -1.8021665179618449 0.90266548345516273 1 -1.8991886944299901 0.9027770785294329
 1 -1.9962039235981737 0.9999940529343837 1 -1.9065733894052475 0.92134736398651429
 1 -1.9964996332170046 1.0002630079380679 1 -1.9791920466888904 0.9801058762501268


