# Created by Octave 7.1.0, Fri Sep 27 02:24:08 2024 CST <marcelo@marcelo-IdeaPad-L3-15IML05>
# name: SOS
# type: matrix
# rows: 3
# columns: 6
 0.00012044276552320411 0.0002408861470328284 0.00012044338151277464 1 -1.8991886908811013 0.9027770752071046
 1 -2.0000049664188539 1.0000049664435193 1 -1.9065733894940111 0.92134736409796159
 1 -1.4793083558117814e-07 -0.99998991925686143 1 -1.9791920501490177 0.98010587973848307


