# Created by Octave 7.1.0, Fri Sep 27 02:24:08 2024 CST <marcelo@marcelo-IdeaPad-L3-15IML05>
# name: SOS
# type: matrix
# rows: 2
# columns: 6
 0.026072472428346517 -0.052144808619355137 0.026072336191720471 1 -1.99167403443764 0.99988979160931557
 1 -1.0000052253325138 0 1 0.94774484675262394 0


