# Created by Octave 7.1.0, Fri Sep 27 02:24:08 2024 CST <marcelo@marcelo-IdeaPad-L3-15IML05>
# name: SOS
# type: matrix
# rows: 2
# columns: 6
 0.90722265637134514 -1.8144393505265224 0.90721669419436035 1 -1.9556654215920994 0.96174803299003619
 1 -1.0000065719436413 0 1 -0.85269727975265297 0


