# Created by Octave 7.1.0, Fri Sep 27 02:24:08 2024 CST <marcelo@marcelo-IdeaPad-L3-15IML05>
# name: SOS
# type: matrix
# rows: 3
# columns: 6
 0.88158824221862009 -1.7597179766087021 0.88144930002513266 1 -1.9430494462300449 0.95948029987880146
 1 -1.9962108306713118 0.99999393137689752 1 -1.9898927320838049 0.99073493954910341
 1 -1.9963970109106817 1.0001636988681355 1 -1.8091675321021827 0.81258582784918432


