# Created by Octave 7.1.0, Fri Sep 27 02:24:08 2024 CST <marcelo@marcelo-IdeaPad-L3-15IML05>
# name: SOS
# type: matrix
# rows: 3
# columns: 6
 6.2192419678654747e-05 0.00012438447781447769 6.2192058137924613e-05 1 -1.9434518264391509 0.95976328815153544
 1 -1.9999940261308033 0.99999402616648991 1 -1.9470652884794517 0.95074413198688335
 1 -1.6057500973332139e-07 -1.0000117871981167 1 -1.9898838109871329 0.99073232955432877


