# Created by Octave 7.1.0, Fri Sep 27 02:24:08 2024 CST <marcelo@marcelo-IdeaPad-L3-15IML05>
# name: SOS
# type: matrix
# rows: 3
# columns: 6
 0.020141460927215454 -0.040204426953347902 0.020139068100213885 1 -1.9791719337214413 0.99987894734057148
 1 -1.9962007362463425 0.99996265009248086 1 -1.9992933535895663 0.99997793376279387
 1 -1.996381243309381 1.0001561709204885 1 -0.040349799958408594 -0.95957396190448851


