# Created by Octave 7.1.0, Fri Sep 27 02:24:08 2024 CST <marcelo@marcelo-IdeaPad-L3-15IML05>
# name: SOS
# type: matrix
# rows: 3
# columns: 6
 1.0524177521889728e-07 2.1048293863639441e-07 1.0524116342105358e-07 1 -1.9855588370863 0.99991487563522485
 1 -1.9999940261308033 0.99999402616648991 1 -1.9961207562846275 0.99989228691068732
 1 -1.6057500973332139e-07 -1.0000117871981167 1 -1.9989886700804285 0.99997762027588


