# Created by Octave 7.1.0, Fri Sep 27 02:24:08 2024 CST <marcelo@marcelo-IdeaPad-L3-15IML05>
# name: SOS
# type: matrix
# rows: 2
# columns: 6
 1.8883817582917185e-08 3.7767511108249994e-08 1.8883693526147807e-08 1 -1.9974515923125589 0.9999393112359396
 1 1.0000065695182569 0 1 -0.99993927346942202 0


