# Created by Octave 7.1.0, Fri Sep 27 02:24:08 2024 CST <marcelo@marcelo-IdeaPad-L3-15IML05>
# name: SOS
# type: matrix
# rows: 2
# columns: 6
 1.140687092391834e-05 2.2813844333270458e-05 1.1406973410272918e-05 1 -1.9687014192865486 0.97195234333885272
 1 0.99999101546476066 0 1 -0.97192952959778256 0


