# Created by Octave 7.1.0, Fri Sep 27 02:24:08 2024 CST <marcelo@marcelo-IdeaPad-L3-15IML05>
# name: SOS
# type: matrix
# rows: 3
# columns: 6
 0.0016221862705300166 -0.0029757240391930931 0.001622186270530116 1 -1.9447984165831662 0.96120972221045342
 1 -1.9999175015337083 0.99999999986564991 1 -1.945751627145432 0.94942798855547339
 1 -1.3429035661260968e-10 -1.0000000001342886 1 -1.9902739865484018 0.9911181109040379


