# Created by Octave 7.1.0, Fri Sep 27 02:24:08 2024 CST <marcelo@marcelo-IdeaPad-L3-15IML05>
# name: SOS
# type: matrix
# rows: 2
# columns: 6
 0.90984938904383406 -1.8193431971172331 0.90984938904335488 1 -1.9572984976309038 0.96335343819540142
 1 -1.0000000000005276 0 1 -0.85634533989227102 0


