# Created by Octave 7.1.0, Fri Sep 27 02:24:08 2024 CST <marcelo@marcelo-IdeaPad-L3-15IML05>
# name: SOS
# type: matrix
# rows: 2
# columns: 6
 0.00091072970362859125 -0.0017743214265468583 0.00091072970362859125 1 -1.9697223754124518 0.97299256543463408
 1 1.0000000000000004 0 1 -0.97117110602685708 0


