# Created by Octave 7.1.0, Fri Sep 27 02:24:08 2024 CST <marcelo@marcelo-IdeaPad-L3-15IML05>
# name: SOS
# type: matrix
# rows: 3
# columns: 6
 0.88489099304085195 -1.7647259369166819 0.88489099279940064 1 -1.9447696737414277 0.96118976527688038
 1 -1.9962282681043721 1.000000000687526 1 -1.9902746344470237 0.99111829673050256
 1 -1.997510632890962 0.99999999958532637 1 -1.8137023593689499 0.81712922359906082


